4 3 0 11 1 
4 4 1 11 12 2 
4 4 2 12 13 3 
4 4 3 13 14 4 
4 4 4 14 15 5 
4 4 5 15 16 6 
1 4 6 16 17 7 
4 4 7 17 18 8 
4 4 8 18 19 9 
4 3 9 19 10 
4 3 0 20 11 
4 4 11 20 21 12 
4 4 12 21 22 13 
4 4 13 22 23 14 
4 4 14 23 24 15 
4 4 15 24 25 16 
1 4 16 25 26 17 
4 4 17 26 27 18 
4 4 18 27 28 19 
4 3 19 28 10 
4 3 0 29 20 
4 4 20 29 30 21 
4 4 21 30 31 22 
4 4 22 31 32 23 
4 4 23 32 33 24 
4 4 24 33 34 25 
1 4 25 34 35 26 
4 4 26 35 36 27 
4 4 27 36 37 28 
4 3 28 37 10 
4 3 0 38 29 
4 4 29 38 39 30 
4 4 30 39 40 31 
4 4 31 40 41 32 
4 4 32 41 42 33 
4 4 33 42 43 34 
1 4 34 43 44 35 
4 4 35 44 45 36 
4 4 36 45 46 37 
4 3 37 46 10 
4 3 0 47 38 
4 4 38 47 48 39 
4 4 39 48 49 40 
4 4 40 49 50 41 
4 4 41 50 51 42 
4 4 42 51 52 43 
1 4 43 52 53 44 
4 4 44 53 54 45 
4 4 45 54 55 46 
4 3 46 55 10 
4 3 0 56 47 
4 4 47 56 57 48 
4 4 48 57 58 49 
4 4 49 58 59 50 
4 4 50 59 60 51 
4 4 51 60 61 52 
1 4 52 61 62 53 
4 4 53 62 63 54 
4 4 54 63 64 55 
4 3 55 64 10 
4 3 0 65 56 
4 4 56 65 66 57 
4 4 57 66 67 58 
4 4 58 67 68 59 
4 4 59 68 69 60 
4 4 60 69 70 61 
1 4 61 70 71 62 
4 4 62 71 72 63 
4 4 63 72 73 64 
4 3 64 73 10 
4 3 0 74 65 
4 4 65 74 75 66 
4 4 66 75 76 67 
4 4 67 76 77 68 
4 4 68 77 78 69 
4 4 69 78 79 70 
1 4 70 79 80 71 
4 4 71 80 81 72 
4 4 72 81 82 73 
4 3 73 82 10 
4 3 0 83 74 
4 4 74 83 84 75 
4 4 75 84 85 76 
4 4 76 85 86 77 
4 4 77 86 87 78 
4 4 78 87 88 79 
1 4 79 88 89 80 
4 4 80 89 90 81 
4 4 81 90 91 82 
4 3 82 91 10 
4 3 0 92 83 
4 4 83 92 93 84 
4 4 84 93 94 85 
4 4 85 94 95 86 
4 4 86 95 96 87 
4 4 87 96 97 88 
1 4 88 97 98 89 
4 4 89 98 99 90 
4 4 90 99 100 91 
4 3 91 100 10 
4 3 0 101 92 
4 4 92 101 102 93 
4 4 93 102 103 94 
4 4 94 103 104 95 
4 4 95 104 105 96 
4 4 96 105 106 97 
1 4 97 106 107 98 
4 4 98 107 108 99 
4 4 99 108 109 100 
4 3 100 109 10 
4 3 0 1 101 
4 4 101 1 2 102 
4 4 102 2 3 103 
4 4 103 3 4 104 
4 4 104 4 5 105 
4 4 105 5 6 106 
1 4 106 6 7 107 
4 4 107 7 8 108 
4 4 108 8 9 109 
4 3 109 9 10 