
20.000000 0.000000 1.300000 
20.180000 0.000000 1.300000 
20.220000 0.000000 1.340000 
20.400000 0.000000 1.700000 
20.350000 0.000000 2.100000 
20.150000 0.000000 2.500000 
20.100000 0.000000 2.700000 
20.120000 0.000000 2.900000 
20.200000 0.000000 3.100000 
20.100000 0.000000 3.280000 
20.000000 0.000000 3.300000 
20.155885 0.090000 1.300000 
20.190526 0.110000 1.340000 
20.346410 0.200000 1.700000 
20.303109 0.175000 2.100000 
20.129904 0.075000 2.500000 
20.086603 0.050000 2.700000 
20.103923 0.060000 2.900000 
20.173205 0.100000 3.100000 
20.086603 0.050000 3.280000 
20.090000 0.155885 1.300000 
20.110000 0.190526 1.340000 
20.200000 0.346410 1.700000 
20.175000 0.303109 2.100000 
20.075000 0.129904 2.500000 
20.050000 0.086603 2.700000 
20.060000 0.103923 2.900000 
20.100000 0.173205 3.100000 
20.050000 0.086603 3.280000 
20.000000 0.180000 1.300000 
20.000000 0.220000 1.340000 
20.000000 0.400000 1.700000 
20.000000 0.350000 2.100000 
20.000000 0.150000 2.500000 
20.000000 0.100000 2.700000 
20.000000 0.120000 2.900000 
20.000000 0.200000 3.100000 
20.000000 0.100000 3.280000 
19.910000 0.155885 1.300000 
19.890000 0.190526 1.340000 
19.800000 0.346410 1.700000 
19.825000 0.303109 2.100000 
19.925000 0.129904 2.500000 
19.950000 0.086603 2.700000 
19.940000 0.103923 2.900000 
19.900000 0.173205 3.100000 
19.950000 0.086603 3.280000 
19.844115 0.090000 1.300000 
19.809474 0.110000 1.340000 
19.653590 0.200000 1.700000 
19.696891 0.175000 2.100000 
19.870096 0.075000 2.500000 
19.913397 0.050000 2.700000 
19.896077 0.060000 2.900000 
19.826795 0.100000 3.100000 
19.913397 0.050000 3.280000 
19.820000 0.000000 1.300000 
19.780000 0.000000 1.340000 
19.600000 0.000000 1.700000 
19.650000 0.000000 2.100000 
19.850000 0.000000 2.500000 
19.900000 0.000000 2.700000 
19.880000 0.000000 2.900000 
19.800000 0.000000 3.100000 
19.900000 0.000000 3.280000 
19.844115 -0.090000 1.300000 
19.809474 -0.110000 1.340000 
19.653590 -0.200000 1.700000 
19.696891 -0.175000 2.100000 
19.870096 -0.075000 2.500000 
19.913397 -0.050000 2.700000 
19.896077 -0.060000 2.900000 
19.826795 -0.100000 3.100000 
19.913397 -0.050000 3.280000 
19.910000 -0.155885 1.300000 
19.890000 -0.190526 1.340000 
19.800000 -0.346410 1.700000 
19.825000 -0.303109 2.100000 
19.925000 -0.129904 2.500000 
19.950000 -0.086603 2.700000 
19.940000 -0.103923 2.900000 
19.900000 -0.173205 3.100000 
19.950000 -0.086603 3.280000 
20.000000 -0.180000 1.300000 
20.000000 -0.220000 1.340000 
20.000000 -0.400000 1.700000 
20.000000 -0.350000 2.100000 
20.000000 -0.150000 2.500000 
20.000000 -0.100000 2.700000 
20.000000 -0.120000 2.900000 
20.000000 -0.200000 3.100000 
20.000000 -0.100000 3.280000 
20.090000 -0.155885 1.300000 
20.110000 -0.190526 1.340000 
20.200000 -0.346410 1.700000 
20.175000 -0.303109 2.100000 
20.075000 -0.129904 2.500000 
20.050000 -0.086603 2.700000 
20.060000 -0.103923 2.900000 
20.100000 -0.173205 3.100000 
20.050000 -0.086603 3.280000 
20.155885 -0.090000 1.300000 
20.190526 -0.110000 1.340000 
20.346410 -0.200000 1.700000 
20.303109 -0.175000 2.100000 
20.129904 -0.075000 2.500000 
20.086603 -0.050000 2.700000 
20.103923 -0.060000 2.900000 
20.173205 -0.100000 3.100000 
20.086603 -0.050000 3.280000